5 -1.15252 12.37189 1.42410 2.35555 39.53292 0.05500 0
2 -0.21638 30.78683 -1.05760 0.24166 1.32582 2.47290 0
2 -2.20605 -5.07764 -1.05020 0.42638 1.56082 2.18880 0
2 -2.16974 -2.98868 -1.00980 0.30789 1.06127 2.14710 0
2 -2.23461 3.18193 -1.00700 0.31485 1.06058 2.16360 0
2 -2.24954 5.00933 -1.00200 0.31065 1.05830 2.13640 0
2 -2.30371 10.29571 -1.03370 0.31280 1.06580 2.17080 0
2 -2.32010 12.12744 -0.99940 0.30962 1.07648 2.15810 0
2 -2.37586 17.79562 -1.00960 0.31051 1.04394 2.16720 0
2 -2.39681 19.61838 -0.99500 0.31575 1.06433 2.14870 0
2 -2.45433 25.28905 -1.04070 0.31504 1.04649 2.18930 0
2 -2.46626 27.14850 -1.00790 0.30549 1.08821 2.15680 0
2 0.11747 0.11475 -1.00040 0.34868 2.81491 2.72100 0
2 -0.98484 -7.50817 -1.03990 1.19613 0.31297 2.14760 0
2 0.01171 4.97032 -0.99700 0.21143 1.00552 2.12960 0
2 -0.05350 10.39035 -0.99970 0.22176 0.99894 2.15010 0
2 -0.07328 12.23726 -1.00410 0.22559 1.08091 2.14750 0
2 -0.11355 17.45870 -0.99800 0.22249 1.07489 2.15950 0
2 -0.13186 19.78480 -1.01830 0.22209 1.06287 2.17940 0
2 -0.17208 25.01161 -1.01980 0.21934 1.05046 2.18680 0
2 -0.15757 26.88844 -1.00020 0.28326 0.99437 2.13820 0
3 -1.17131 12.41229 -1.01740 2.38752 39.55651 0.03820 0
1 -0.13745 16.84761 -1.05150 0.20398 30.66781 2.52390 0
1 0.02455 -4.35096 -1.02130 0.18611 6.13407 2.47720 0
1 -2.23073 12.34686 -1.04720 0.30101 39.55863 2.52310 0
1 -0.97465 -7.40955 -1.07190 2.10090 0.20336 2.51460 0