5 -1.00554 11.73700 5.05013 2.55368 38.28350 0.05700 0
2 -1.06367 -7.45999 2.66463 1.17505 0.14395 2.07417 0
2 -2.21228 -5.03366 2.65531 0.21830 1.23093 2.13961 0
2 -2.23396 -2.94736 2.65341 0.23918 1.06956 2.12282 0
2 -2.26338 3.20713 2.64928 0.24195 1.05321 2.13457 0
2 -2.27182 5.05661 2.64790 0.24217 1.05089 2.14608 0
2 -2.29842 10.32728 2.64448 0.24633 1.05897 2.14130 0
2 -2.31236 12.13962 2.64321 0.26215 1.02712 2.12764 0
2 -2.34251 17.81269 2.63975 0.28449 1.05646 2.14005 0
2 -2.34924 19.64032 2.63829 0.28231 1.05715 2.10888 0
2 -2.33211 27.16252 2.61432 0.22985 1.00221 2.07138 0
2 -2.35855 25.27140 2.63706 0.28219 1.03337 2.06899 0
2 0.10715 0.13512 2.66949 0.30264 2.76677 2.38438 0
2 -0.00198 4.96303 2.66571 0.21396 1.09375 2.09680 0
2 0.01105 10.41230 2.66206 0.25383 1.09627 2.10529 0
2 0.01340 12.25238 2.66072 0.28436 1.04199 2.09705 0
2 -0.01103 17.46190 2.65723 0.27977 1.05172 2.08558 0
2 -0.01439 19.79643 2.65585 0.26109 1.08881 2.08624 0
2 -0.01620 25.01412 2.65247 0.21605 1.03257 2.04175 0
2 -0.01554 26.86844 2.65182 0.23417 1.06630 2.02085 0
3 -1.11132 12.33480 2.58311 2.71860 39.72602 0.08619 0
1 -1.05274 -7.39372 2.65864 2.13231 0.04292 2.41877 0
1 -0.00249 -4.29416 2.67000 0.03927 6.09227 2.38985 0
1 -0.03904 15.07523 2.65106 0.20007 27.14051 2.39991 0
1 -2.19028 12.14233 2.57685 0.23191 39.05205 2.50046 0