7 2.84671 15.00318 1.96820 5.28183 0.32493 0.43290 0
5 2.84302 14.92745 2.41640 5.33824 7.37912 0.04160 0
2 0.04061 17.43637 -0.97290 0.17114 1.03953 2.13080 0
2 0.06140 12.22232 -0.97280 0.17629 1.09764 2.13000 0
3 2.72335 14.88882 -1.00840 5.53715 7.44690 0.02970 0
1 2.75894 18.59331 -0.97290 5.37262 0.09163 3.37400 0
1 0.14531 14.89489 -0.97840 0.22511 7.30751 3.37950 0
1 2.82523 11.22629 -0.97280 5.38841 0.19361 3.37390 0
1 5.46351 14.92131 -0.97290 0.14191 7.21188 3.37400 0
4 5.51119 16.66695 -0.10370 0.15835 2.69614 1.98020 0
4 5.55522 13.39791 -0.06790 0.17119 2.69247 1.95130 0