7 2.90754 22.52172 5.54643 5.27130 0.31968 0.46428 0
5 2.90990 22.43996 5.99322 5.30517 7.33244 0.08606 0
2 0.14864 24.99631 2.62660 0.13373 1.07018 2.08993 0
2 0.17574 19.76096 2.61585 0.11774 1.08393 2.11992 0
3 2.83421 22.38690 2.55271 5.47358 7.42237 0.08896 0
1 2.88918 18.72851 2.62376 5.36814 0.16257 3.38522 0
1 2.86069 26.09449 2.63836 5.38676 0.04628 3.37390 0
1 0.23050 22.42191 2.68503 0.19929 7.28626 3.30694 0
1 5.54992 22.43316 2.65443 0.06833 7.24648 3.35824 0
4 5.59322 24.18181 3.52965 0.13351 2.70754 1.97506 0
4 5.59778 20.89461 3.51945 0.11638 2.72464 1.98403 0