7 2.76432 22.49882 1.97250 5.27710 0.37069 0.45090 0
5 2.78253 20.63174 2.42620 5.31521 3.49708 0.04160 0
5 2.74949 24.37301 2.41890 5.30467 3.50243 0.04070 0
2 0.07542 19.83010 -0.97750 0.25299 1.03496 2.14420 0
2 0.03712 25.00930 -0.97870 0.25300 1.07656 2.15620 0
3 2.69407 22.43645 -1.00820 5.46102 7.43153 0.02880 0
1 0.05343 22.44862 -0.97760 0.12230 7.21419 3.40230 0
1 5.39917 22.46250 -0.96920 0.12737 7.26005 3.37740 0
1 2.67833 26.11870 -0.97560 5.40221 0.11684 3.40030 0
1 2.75297 18.79736 -0.97590 5.37106 0.27512 3.39910 0
4 5.48300 20.90236 -0.09220 0.14780 2.69654 1.97470 0
4 5.41627 24.15976 -0.07810 0.19585 2.71373 1.95370 0