5 -1.15252 12.37189 1.42410 2.35555 39.53292 0.05500 0
2 -0.21638 30.78683 -1.05760 0.24166 1.32582 2.47290 0
2 -2.20605 -5.07764 -1.05020 0.42638 1.56082 2.18880 0
2 -2.16974 -2.98868 -1.00980 0.30789 1.06127 2.14710 0
2 -2.23461 3.18193 -1.00700 0.31485 1.06058 2.16360 0
2 -2.24954 5.00933 -1.00200 0.31065 1.05830 2.13640 0
2 -2.30371 10.29571 -1.03370 0.31280 1.06580 2.17080 0
2 -2.32010 12.12744 -0.99940 0.30962 1.07648 2.15810 0
2 -2.37586 17.79562 -1.00960 0.31051 1.04394 2.16720 0
2 -2.39681 19.61838 -0.99500 0.31575 1.06433 2.14870 0
2 -2.45433 25.28905 -1.04070 0.31504 1.04649 2.18930 0
2 -2.46626 27.14850 -1.00790 0.30549 1.08821 2.15680 0
2 0.11747 0.11475 -1.00040 0.34868 2.81491 2.72100 0
2 -0.98484 -7.50817 -1.03990 1.19613 0.31297 2.14760 0
2 0.01171 4.97032 -0.99700 0.21143 1.00552 2.12960 0
2 -0.05350 10.39035 -0.99970 0.22176 0.99894 2.15010 0
2 -0.07328 12.23726 -1.00410 0.22559 1.08091 2.14750 0
2 -0.11355 17.45870 -0.99800 0.22249 1.07489 2.15950 0
2 -0.13186 19.78480 -1.01830 0.22209 1.06287 2.17940 0
2 -0.17208 25.01161 -1.01980 0.21934 1.05046 2.18680 0
2 -0.15757 26.88844 -1.00020 0.28326 0.99437 2.13820 0
3 -1.17131 12.41229 -1.01740 2.38752 39.55651 0.03820 0
1 -0.13745 16.84761 -1.05150 0.20398 30.66781 2.52390 0
1 0.02455 -4.35096 -1.02130 0.18611 6.13407 2.47720 0
1 -2.23073 12.34686 -1.04720 0.30101 39.55863 2.52310 0
1 -0.97465 -7.40955 -1.07190 2.10090 0.20336 2.51460 0
5 -1.00554 11.73700 5.05013 2.55368 38.28350 0.05700 0
2 -1.06367 -7.45999 2.66463 1.17505 0.14395 2.07417 0
2 -2.21228 -5.03366 2.65531 0.21830 1.23093 2.13961 0
2 -2.23396 -2.94736 2.65341 0.23918 1.06956 2.12282 0
2 -2.26338 3.20713 2.64928 0.24195 1.05321 2.13457 0
2 -2.27182 5.05661 2.64790 0.24217 1.05089 2.14608 0
2 -2.29842 10.32728 2.64448 0.24633 1.05897 2.14130 0
2 -2.31236 12.13962 2.64321 0.26215 1.02712 2.12764 0
2 -2.34251 17.81269 2.63975 0.28449 1.05646 2.14005 0
2 -2.34924 19.64032 2.63829 0.28231 1.05715 2.10888 0
2 -2.33211 27.16252 2.61432 0.22985 1.00221 2.07138 0
2 -2.35855 25.27140 2.63706 0.28219 1.03337 2.06899 0
2 0.10715 0.13512 2.66949 0.30264 2.76677 2.38438 0
2 -0.00198 4.96303 2.66571 0.21396 1.09375 2.09680 0
2 0.01105 10.41230 2.66206 0.25383 1.09627 2.10529 0
2 0.01340 12.25238 2.66072 0.28436 1.04199 2.09705 0
2 -0.01103 17.46190 2.65723 0.27977 1.05172 2.08558 0
2 -0.01439 19.79643 2.65585 0.26109 1.08881 2.08624 0
2 -0.01620 25.01412 2.65247 0.21605 1.03257 2.04175 0
2 -0.01554 26.86844 2.65182 0.23417 1.06630 2.02085 0
3 -1.11132 12.33480 2.58311 2.71860 39.72602 0.08619 0
1 -1.05274 -7.39372 2.65864 2.13231 0.04292 2.41877 0
1 -0.00249 -4.29416 2.67000 0.03927 6.09227 2.38985 0
1 -0.03904 15.07523 2.65106 0.20007 27.14051 2.39991 0
1 -2.19028 12.14233 2.57685 0.23191 39.05205 2.50046 0
7 2.76432 22.49882 1.97250 5.27710 0.37069 0.45090 0
2 0.07542 19.83010 -0.97750 0.25299 1.03496 2.14420 0
2 0.03712 25.00930 -0.97870 0.25300 1.07656 2.15620 0
3 2.69407 22.43645 -1.00820 5.46102 7.43153 0.02880 0
1 0.05343 22.44862 -0.97760 0.12230 7.21419 3.40230 0
1 5.39917 22.46250 -0.96920 0.12737 7.26005 3.37740 0
1 2.67833 26.11870 -0.97560 5.40221 0.11684 3.40030 0
1 2.75297 18.79736 -0.97590 5.37106 0.27512 3.39910 0
4 5.48300 20.90236 -0.09220 0.14780 2.69654 1.97470 0
4 5.41627 24.15976 -0.07810 0.19585 2.71373 1.95370 0
7 2.90754 22.52172 5.54643 5.27130 0.31968 0.46428 0
5 2.90990 22.43996 5.99322 5.30517 7.33244 0.08606 0
2 0.14864 24.99631 2.62660 0.13373 1.07018 2.08993 0
2 0.17574 19.76096 2.61585 0.11774 1.08393 2.11992 0
3 2.83421 22.38690 2.41271 5.47358 7.42237 0.30896 0
1 2.88918 18.72851 2.62376 5.36814 0.16257 3.38522 0
1 2.86069 26.09449 2.63836 5.38676 0.04628 3.37390 0
1 0.23050 22.42191 2.68503 0.19929 7.28626 3.30694 0
1 5.54992 22.43316 2.65443 0.06833 7.24648 3.35824 0
4 5.59322 24.18181 3.52965 0.13351 2.70754 1.97506 0
4 5.59778 20.89461 3.51945 0.11638 2.72464 1.98403 0
7 2.84671 15.00318 1.96820 5.28183 0.32493 0.43290 0
5 2.84302 14.92745 2.41640 5.33824 7.37912 0.04160 0
2 0.04061 17.43637 -0.97290 0.17114 1.03953 2.13080 0
2 0.06140 12.22232 -0.97280 0.17629 1.09764 2.13000 0
3 2.72335 14.88882 -1.00840 5.53715 7.44690 0.02970 0
1 2.75894 18.59331 -0.97290 5.37262 0.09163 3.37400 0
1 0.14531 14.89489 -0.97840 0.22511 7.30751 3.37950 0
1 2.82523 11.22629 -0.97280 5.38841 0.19361 3.37390 0
1 5.46351 14.92131 -0.97290 0.14191 7.21188 3.37400 0
4 5.51119 16.66695 -0.10370 0.15835 2.69614 1.98020 0
4 5.55522 13.39791 -0.06790 0.17119 2.69247 1.95130 0
5 2.90811 7.74180 1.63390 5.73394 6.48063 0.30370 0
2 0.02467 10.42490 -0.95310 0.15452 0.93123 2.10540 0
2 0.02040 5.03508 -0.95460 0.15062 0.95053 2.11010 0
3 2.77153 7.74635 -1.00300 5.59241 6.45122 0.09170 0
1 2.79366 10.95486 -0.95320 5.52721 0.10564 2.57220 0
1 2.86129 4.51642 -0.96900 5.59486 0.06423 2.59170 0
1 0.04067 7.74497 -0.95990 0.13239 6.28958 2.58820 0
1 5.56431 7.74529 -0.95390 0.07635 6.34957 2.55850 0
4 5.62277 9.18952 -0.11720 0.19118 2.72292 1.72140 0
4 5.65896 5.92871 -0.10050 0.18671 2.71666 1.70270 0